471.26
197.37
491.87
138.33
499.87
137.57
490.70
219.54
204.74
305.60
180.68
273.88
267.46
364.01
276.71
535.97
379.72
240.09
489.70
386.95
338.66
126.20
263.30
235.63
364.04
174.52
287.67
275.65
237.95
416.66
336.36
342.06
368.87
211.80
217.92
212.02
319.33
128.85
374.07
318.01
130.35
173.88
193.07
281.32
224.73
125.96
452.15
170.73
240.62
273.55
399.81
358.27
148.80
395.51
370.41
324.28
474.24
353.42
143.35
371.99
185.49
241.54
303.56
166.17
388.74
347.20
300.06
368.53
457.40
479.79
304.84
241.10
212.41
501.09
234.00
382.04
203.95
352.71
343.31
160.60
215.33
249.44
259.80
186.99
241.24
415.29
258.37
206.61
161.36
389.77
174.31
380.22
382.07
172.31
321.14
240.93
326.98
196.92
276.82
320.57
816.91
1452.56
878.11
1711.62
1227.69
615.46
1434.78
1422.83
814.77
1369.75
713.68
1519.06
1380.59
1597.03
1559.46
1457.66
838.45
705.53
1294.39
701.83
1617.01
1621.89
736.51
1142.55
751.85
1631.40
773.26
791.99
690.30
773.94
1414.02
997.10
975.40
811.07
1390.64
780.99
1109.37
1315.04
1443.06
886.47
634.56
1003.90
1127.68
762.75
989.18
1374.64
1621.08
1484.36
831.78
1402.79
826.59
1461.33
1105.16
1512.37
815.00
823.67
1217.10
1264.86
796.61
712.82
1320.06
563.38
1080.27
944.49
1424.31
1353.03
739.64
753.09
1671.58
403.22
748.30
890.27
847.54
1184.93
1198.15
1352.11
1618.94
758.82
709.39
637.12
1551.67
1293.04
868.75
1702.99
1045.80
658.72
766.59
846.87
916.61
1443.15
1500.86
1265.21
959.53
558.80
505.79
1134.28
1027.65
686.42
706.97
863.66
1888.64
1565.44
1553.53
1024.54
1152.90
2063.55
1190.33
1002.46
1222.01
1697.22
1637.95
1376.25
1583.28
1135.69
1711.98
1737.66
1556.68
1149.71
1907.54
1496.47
1061.95
1404.61
1931.46
1738.36
1695.99
1443.12
1435.56
1781.17
976.58
1647.51
637.89
1609.41
1209.11
1398.97
1121.66
1768.72
1135.31
1678.78
1647.42
1613.63
1209.50
1162.35
817.48
1627.88
1541.25
1761.72
2007.75
1814.85
1533.54
1746.79
1280.60
1250.83
1895.77
1564.84
1894.48
1143.28
1493.89
922.67
1636.53
1266.25
1538.50
1709.90
1864.83
1294.72
1546.00
1760.58
1714.38
1221.84
1498.06
1877.49
1679.92
1789.91
1569.99
1173.31
975.58
921.48
1872.71
1452.13
1596.06
956.96
2002.99
1203.98
1541.29
1937.20
1545.77
1929.01
1819.88
1122.04
1583.95
1172.82
2012.39
1864.06
2049.74
1923.12
1155.64
1847.50
940.83
1866.31
1655.43
1655.94
1453.98
991.98
1317.10
835.90
577.79
781.28
1110.60
1441.64
1444.56
1521.75
1346.50
1186.29
1157.65
1266.70
1159.72
858.18
1034.83
939.38
1136.10
1160.30
1480.60
793.18
815.69
1508.33
1551.27
1284.20
1191.15
1515.72
1098.70
952.28
631.63
694.53
671.30
1807.74
1224.06
814.52
764.21
693.73
994.99
1048.47
688.00
836.82
1215.96
1287.84
878.09
1108.16
1233.31
673.10
1214.90
1137.00
1580.84
1014.54
671.71
1131.06
599.84
738.30
1255.95
1287.10
587.97
733.04
755.67
1109.84
1728.75
1250.48
639.71
1580.27
1411.87
1247.47
737.98
1291.20
984.77
1073.91
1294.05
1248.27
1215.41
1065.59
1415.43
666.73
799.55
1212.28
822.95
1003.04
1299.60
838.04
1195.27
733.09
1793.10
635.44
841.07
1309.51
667.52
1007.81
1116.60
1393.55
1750.45
1083.88
1288.43
838.15
1086.68
1677.27
958.41
980.79
879.11
1122.15
825.38
584.30
819.84
923.00
563.17
1199.10
666.71
1156.03
817.37
977.35
787.58
490.90
1264.00
619.85
1448.48
519.68
1033.19
594.06
842.81
887.96
769.48
800.13
1240.94
841.61
547.53
1473.92
549.00
786.28
1059.87
1001.50
641.46
1612.17
851.35
875.46
815.37
950.91
1012.96
928.93
602.79
324.64
493.75
1161.28
639.29
821.72
1148.60
723.04
281.07
284.91
308.24
320.80
1179.65
614.73
875.93
768.47
400.72
260.69
855.29
792.40
758.42
633.75
1149.86
367.39
881.96
1079.36
1178.38
316.69
750.89
802.10
1138.94
1021.63
751.60
809.02
985.24
1127.64
840.68
363.16
609.53
737.80
300.58
298.57
770.36
678.15
